Question,Real Answer,Pred Answer
Where is Sean Hampton's birth place in the state of Florida?,in Northern Florida,"<think>
Okay, let's see. The user is asking about Sean Hampton's birthplace in the state of Florida. I need to look through the provided passages to find any mention of Sean Hampton.

Looking at Passage 14, there's"
Who is the president of the group Kim Un-yong is a member of?,Thomas Bach,"<think>
Okay, let's tackle this question. The user is asking about the president of the group that Kim Un-yong is a member of. First, I need to figure out which group they're referring to. The name ""Kim Un"
"During the war in which The Things They Carried is set, when was conscription introduced by the country where the film Grievous Bodily Harm was later released?",1964,"<think>
Okay, let's tackle this question. The user is asking about when conscription was introduced in Australia during the Vietnam War, specifically in relation to the film ""Grievous Bodily Harm."" Wait, no, the film mentioned"
Who is the president of the new country who has jointly established a Commission on Truth and Friendship with the birth country of Satyo Husodo?,Francisco Guterres,"<think>
Okay, let's tackle this question. The user is asking about the president of a new country that's part of a joint commission with the birth country of Satyo Husodo. First, I need to figure out what country Satyo"
Who is the spouse of the current queen of England?,Philip Mountbatten,"<think>
Okay, let's tackle this question. The user is asking about the spouse of the current queen of England. From the provided passages, I remember that Queen Elizabeth II passed away in 2022, and her son Charles became"
In which year did Taifa of Francisco Giner de los Rios' birthplace cease to exist?,1065,"<think>
Okay, let's tackle this question. The user is asking about the year when the Taifa of Francisco Giner de los Ríos ceased to exist. Wait, no, looking back, the question is phrased as """
What did M. King Hubbert's employer announce it was in the process of doing in April 2010?,trying to find a potential buyer for all of its operations in Finland,"<think>
Okay, let's tackle this question. The user is asking what M. King Hubbert's employer announced in April 2010 regarding their operations in the Arctic. 

First, I need to look through the provided passages to"
Who did the person considered the founder of three major monotheistic religions marry after the death of Sarah?,Keturah,"<think>
Okay, let's tackle this question. The user is asking about the founder of three major monotheistic religions and who they married after Sarah's death. The religions in question are Judaism, Christianity, and Islam, which are all Ab"
In what region of the country of S-Fone is The place of birth of John Phan located?,South Central Coast,"<think>
Okay, let's tackle this question. The user is asking about the region in Vietnam where the place of birth of John Phan is located, based on the provided passages. 

First, I need to look through the passages to find"
"Along with the Closer performer, what notable pop artist started out his career on adult contemporary radio?",Michael Bublé,"<think>
Okay, let's see. The user is asking about a notable pop artist who started their career on adult contemporary radio. The passage mentions several artists in the context of adult contemporary (AC) music. Let me go through the passages again"
The Live Life Loud album's band signed to which label?,Fair Trade Services,"<think>
Okay, let's tackle this question. The user is asking which label the album ""Live Life Loud"" by Hawk Nelson was released on. 

First, I need to look through the provided passages to find any mention of ""Live Life"
Who is the child of Sigrid Eskilsdotter's child?,Svante Stensson Sture,"<think>
Okay, let's tackle this question. The user is asking about the child of Sigrid Eskilsdotter, specifically the child of Sigrid Eskilsdotter's child. 

First, I need to look through the provided passages"
What is the record label of the Metalworks Studio founder?,TML Entertainment,"<think>
Okay, let's tackle this question. The user is asking about the record label of the Metalworks Studio founder. First, I need to figure out who founded Metalworks Studio. 

Looking at the provided passages, there's a mention"
Who is the president of the new country that jointly established a Commission of Truth and Friendship with the country that broadcasts Dahsyat?,Francisco Guterres,"<think>
Okay, let's tackle this question. The user is asking who the president of the new country is that was established through a Commission of Truth and Friendship related to the events in East Timor, specifically mentioned in the context of the Dah"
How many times did the plague occur in the city where Flora's painter died?,22,"<think>
Okay, let's tackle this question. The user is asking how many times the plague occurred in the city where Flora's painter died. The passages provided mention the Black Death and its impact in various regions, but I need to focus"
What is the seat of the county sharing a border with the county in which Valley New School is located?,Green Bay,"<think>
Okay, let's tackle this question. The user is asking about the seat of a county that shares a border with another county where Valley New School is located. First, I need to figure out where Valley New School is. From the"
What is the highest city in the state where Dell ranks sixth by revenue?,Fort Davis,"<think>
Okay, let's tackle this question. The user is asking about the highest city in the state where Dell ranks sixth by revenue. First, I need to figure out which state that is.

Looking at the provided passages, there's a"
Who played the girlfriend of who plays marty mcfly's daughter in back to the future 2?,Claudia Wells,"<think>
Okay, let's see. The user is asking about who played the girlfriend of Marty McFly's daughter in Back to the Future Part II. Wait, no, the question is a bit more specific. Let me check the provided passages"
"What specific part of the book where the quote ""by the skin of your teeth"" comes from document reference for Mary?",Genesis 3:15,"<think>
Okay, let's tackle this question. The user is asking about the specific part of the book where the quote ""by the skin of my teeth"" comes from, referencing the document provided. 

First, I need to look through the"
What is the seat of the county sharing a border with the county in which J. P. Hayes was born?,Green Bay,"<think>
Okay, let's tackle this question. The user is asking for the seat of the county that shares a border with the county where J.P. Hayes was born. 

First, I need to figure out where J.P. Hayes was"
How many times did plague occur in the place where Venus with a Mirror's creator died?,22,"<think>
Okay, let's tackle this question. The user is asking about the number of times the plague occurred in the place where the creator of ""Venus with a Mirror"" died. First, I need to figure out who the creator is"
What is the source of the river Orlam clans crossed to migrate to Namibia?,Thaba Putsoa,"<think>
Okay, let's tackle this question. The user is asking about the source of the river that the Orlam clans crossed to migrate to Namibia. The question is a bit tricky because it's phrased in a way that"
"Why was Common Sense, by the same author as Rights of Man, an important work?",crystallized the rebellious demand for independence from Great Britain,"<think>
Okay, let's tackle this question. The user is asking why ""Common Sense"" by Thomas Paine was an important work, specifically in relation to ""Rights of Man."" I need to refer to the provided passages to find the answer"
In which county was Larkin I. Smith born?,Pearl River County,"<think>
Okay, let's tackle this question. The user is asking in which county Larkin I. Smith was born. From the provided passages, I need to find the relevant information.

Looking at Passage 1, it mentions Larkin Ir"
What movie did the person who acted in the comedy film Crime School win his only Oscar for?,The African Queen,"<think>
Okay, let's tackle this question. The user is asking which movie the person who acted in the comedy film ""Crime School"" won an Oscar for. The answer needs to be based on the provided passages.

First, I need to"
